obPts =

   53.0222   62.3075   -5.0000
   53.8609   61.7629   -5.0000
   54.6996   61.2182   -5.0000
   55.5383   60.6736   -5.0000
   56.3769   60.1290   -5.0000
   57.2156   59.5843   -5.0000
   58.0543   59.0397   -5.0000
   58.8929   58.4951   -5.0000
   59.7316   57.9504   -5.0000
   60.5703   57.4058   -5.0000
   61.4089   56.8611   -5.0000
   62.2476   56.3165   -5.0000
   63.0863   55.7719   -5.0000
   63.9250   55.2272   -5.0000
   64.7636   54.6826   -5.0000
   65.6023   54.1379   -5.0000
   66.4410   53.5933   -5.0000
   67.2796   53.0487   -5.0000
   68.1183   52.5040   -5.0000
   68.9570   51.9594   -5.0000
   69.7957   51.4147   -5.0000
   70.6343   50.8701   -5.0000
   71.4730   50.3255   -5.0000
   72.3117   49.7808   -5.0000
   73.1503   49.2362   -5.0000
   73.9890   48.6915   -5.0000
   74.8277   48.1469   -5.0000
   75.6663   47.6023   -5.0000
   76.5050   47.0576   -5.0000
   77.3437   46.5130   -5.0000
   78.1824   45.9684   -5.0000
   79.0210   45.4237   -5.0000
   79.8597   44.8791   -5.0000
   80.6984   44.3344   -5.0000
   81.5370   43.7898   -5.0000
   82.3757   43.2452   -5.0000
   83.2144   42.7005   -5.0000
   84.0531   42.1559   -5.0000
   84.8917   41.6112   -5.0000
   85.7304   41.0666   -5.0000
   53.0222   62.3075   -4.0000
   53.8609   61.7629   -4.0000
   54.6996   61.2182   -4.0000
   55.5383   60.6736   -4.0000
   56.3769   60.1290   -4.0000
   57.2156   59.5843   -4.0000
   58.0543   59.0397   -4.0000
   58.8929   58.4951   -4.0000
   59.7316   57.9504   -4.0000
   60.5703   57.4058   -4.0000
   61.4089   56.8611   -4.0000
   62.2476   56.3165   -4.0000
   63.0863   55.7719   -4.0000
   63.9250   55.2272   -4.0000
   64.7636   54.6826   -4.0000
   65.6023   54.1379   -4.0000
   66.4410   53.5933   -4.0000
   67.2796   53.0487   -4.0000
   68.1183   52.5040   -4.0000
   68.9570   51.9594   -4.0000
   69.7957   51.4147   -4.0000
   70.6343   50.8701   -4.0000
   71.4730   50.3255   -4.0000
   72.3117   49.7808   -4.0000
   73.1503   49.2362   -4.0000
   73.9890   48.6915   -4.0000
   74.8277   48.1469   -4.0000
   75.6663   47.6023   -4.0000
   76.5050   47.0576   -4.0000
   77.3437   46.5130   -4.0000
   78.1824   45.9684   -4.0000
   79.0210   45.4237   -4.0000
   79.8597   44.8791   -4.0000
   80.6984   44.3344   -4.0000
   81.5370   43.7898   -4.0000
   82.3757   43.2452   -4.0000
   83.2144   42.7005   -4.0000
   84.0531   42.1559   -4.0000
   84.8917   41.6112   -4.0000
   85.7304   41.0666   -4.0000
   53.0222   62.3075   -3.0000
   53.8609   61.7629   -3.0000
   54.6996   61.2182   -3.0000
   55.5383   60.6736   -3.0000
   56.3769   60.1290   -3.0000
   57.2156   59.5843   -3.0000
   58.0543   59.0397   -3.0000
   58.8929   58.4951   -3.0000
   59.7316   57.9504   -3.0000
   60.5703   57.4058   -3.0000
   61.4089   56.8611   -3.0000
   62.2476   56.3165   -3.0000
   63.0863   55.7719   -3.0000
   63.9250   55.2272   -3.0000
   64.7636   54.6826   -3.0000
   65.6023   54.1379   -3.0000
   66.4410   53.5933   -3.0000
   67.2796   53.0487   -3.0000
   68.1183   52.5040   -3.0000
   68.9570   51.9594   -3.0000
   69.7957   51.4147   -3.0000
   70.6343   50.8701   -3.0000
   71.4730   50.3255   -3.0000
   72.3117   49.7808   -3.0000
   73.1503   49.2362   -3.0000
   73.9890   48.6915   -3.0000
   74.8277   48.1469   -3.0000
   75.6663   47.6023   -3.0000
   76.5050   47.0576   -3.0000
   77.3437   46.5130   -3.0000
   78.1824   45.9684   -3.0000
   79.0210   45.4237   -3.0000
   79.8597   44.8791   -3.0000
   80.6984   44.3344   -3.0000
   81.5370   43.7898   -3.0000
   82.3757   43.2452   -3.0000
   83.2144   42.7005   -3.0000
   84.0531   42.1559   -3.0000
   84.8917   41.6112   -3.0000
   85.7304   41.0666   -3.0000
   53.0222   62.3075   -2.0000
   53.8609   61.7629   -2.0000
   54.6996   61.2182   -2.0000
   55.5383   60.6736   -2.0000
   56.3769   60.1290   -2.0000
   57.2156   59.5843   -2.0000
   58.0543   59.0397   -2.0000
   58.8929   58.4951   -2.0000
   59.7316   57.9504   -2.0000
   60.5703   57.4058   -2.0000
   61.4089   56.8611   -2.0000
   62.2476   56.3165   -2.0000
   63.0863   55.7719   -2.0000
   63.9250   55.2272   -2.0000
   64.7636   54.6826   -2.0000
   65.6023   54.1379   -2.0000
   66.4410   53.5933   -2.0000
   67.2796   53.0487   -2.0000
   68.1183   52.5040   -2.0000
   68.9570   51.9594   -2.0000
   69.7957   51.4147   -2.0000
   70.6343   50.8701   -2.0000
   71.4730   50.3255   -2.0000
   72.3117   49.7808   -2.0000
   73.1503   49.2362   -2.0000
   73.9890   48.6915   -2.0000
   74.8277   48.1469   -2.0000
   75.6663   47.6023   -2.0000
   76.5050   47.0576   -2.0000
   77.3437   46.5130   -2.0000
   78.1824   45.9684   -2.0000
   79.0210   45.4237   -2.0000
   79.8597   44.8791   -2.0000
   80.6984   44.3344   -2.0000
   81.5370   43.7898   -2.0000
   82.3757   43.2452   -2.0000
   83.2144   42.7005   -2.0000
   84.0531   42.1559   -2.0000
   84.8917   41.6112   -2.0000
   85.7304   41.0666   -2.0000
   53.0222   62.3075   -1.0000
   53.8609   61.7629   -1.0000
   54.6996   61.2182   -1.0000
   55.5383   60.6736   -1.0000
   56.3769   60.1290   -1.0000
   57.2156   59.5843   -1.0000
   58.0543   59.0397   -1.0000
   58.8929   58.4951   -1.0000
   59.7316   57.9504   -1.0000
   60.5703   57.4058   -1.0000
   61.4089   56.8611   -1.0000
   62.2476   56.3165   -1.0000
   63.0863   55.7719   -1.0000
   63.9250   55.2272   -1.0000
   64.7636   54.6826   -1.0000
   65.6023   54.1379   -1.0000
   66.4410   53.5933   -1.0000
   67.2796   53.0487   -1.0000
   68.1183   52.5040   -1.0000
   68.9570   51.9594   -1.0000
   69.7957   51.4147   -1.0000
   70.6343   50.8701   -1.0000
   71.4730   50.3255   -1.0000
   72.3117   49.7808   -1.0000
   73.1503   49.2362   -1.0000
   73.9890   48.6915   -1.0000
   74.8277   48.1469   -1.0000
   75.6663   47.6023   -1.0000
   76.5050   47.0576   -1.0000
   77.3437   46.5130   -1.0000
   78.1824   45.9684   -1.0000
   79.0210   45.4237   -1.0000
   79.8597   44.8791   -1.0000
   80.6984   44.3344   -1.0000
   81.5370   43.7898   -1.0000
   82.3757   43.2452   -1.0000
   83.2144   42.7005   -1.0000
   84.0531   42.1559   -1.0000
   84.8917   41.6112   -1.0000
   85.7304   41.0666   -1.0000
   53.0222   62.3075         0
   53.8609   61.7629         0
   54.6996   61.2182         0
   55.5383   60.6736         0
   56.3769   60.1290         0
   57.2156   59.5843         0
   58.0543   59.0397         0
   58.8929   58.4951         0
   59.7316   57.9504         0
   60.5703   57.4058         0
   61.4089   56.8611         0
   62.2476   56.3165         0
   63.0863   55.7719         0
   63.9250   55.2272         0
   64.7636   54.6826         0
   65.6023   54.1379         0
   66.4410   53.5933         0
   67.2796   53.0487         0
   68.1183   52.5040         0
   68.9570   51.9594         0
   69.7957   51.4147         0
   70.6343   50.8701         0
   71.4730   50.3255         0
   72.3117   49.7808         0
   73.1503   49.2362         0
   73.9890   48.6915         0
   74.8277   48.1469         0
   75.6663   47.6023         0
   76.5050   47.0576         0
   77.3437   46.5130         0
   78.1824   45.9684         0
   79.0210   45.4237         0
   79.8597   44.8791         0
   80.6984   44.3344         0
   81.5370   43.7898         0
   82.3757   43.2452         0
   83.2144   42.7005         0
   84.0531   42.1559         0
   84.8917   41.6112         0
   85.7304   41.0666         0
   53.0222   62.3075    1.0000
   53.8609   61.7629    1.0000
   54.6996   61.2182    1.0000
   55.5383   60.6736    1.0000
   56.3769   60.1290    1.0000
   57.2156   59.5843    1.0000
   58.0543   59.0397    1.0000
   58.8929   58.4951    1.0000
   59.7316   57.9504    1.0000
   60.5703   57.4058    1.0000
   61.4089   56.8611    1.0000
   62.2476   56.3165    1.0000
   63.0863   55.7719    1.0000
   63.9250   55.2272    1.0000
   64.7636   54.6826    1.0000
   65.6023   54.1379    1.0000
   66.4410   53.5933    1.0000
